$energy                                                                         
     1   -23.88435353526   -23.88435353526   -23.88435353526                    
     2   -23.88440561444   -23.88440561444   -23.88440561444                    
     3   -23.88455394440   -23.88455394440   -23.88455394440                    
     4   -23.88482597760   -23.88482597760   -23.88482597760                    
     5   -23.88522387662   -23.88522387662   -23.88522387662                    
     6   -23.88571327420   -23.88571327420   -23.88571327420                    
     7   -23.88632544852   -23.88632544852   -23.88632544852                    
     8   -23.88704625781   -23.88704625781   -23.88704625781                    
     9   -23.88785231918   -23.88785231918   -23.88785231918                    
    10   -23.88873377871   -23.88873377871   -23.88873377871                    
    11   -23.88966472261   -23.88966472261   -23.88966472261                    
    12   -23.89067806943   -23.89067806943   -23.89067806943                    
    13   -23.89175095105   -23.89175095105   -23.89175095105                    
    14   -23.89286391303   -23.89286391303   -23.89286391303                    
    15   -23.89404213259   -23.89404213259   -23.89404213259                    
    16   -23.89525960150   -23.89525960150   -23.89525960150                    
    17   -23.89651131394   -23.89651131394   -23.89651131394                    
    18   -23.89777720896   -23.89777720896   -23.89777720896                    
    19   -23.89906900938   -23.89906900938   -23.89906900938                    
    20   -23.90040387950   -23.90040387950   -23.90040387950                    
    21   -23.90176659545   -23.90176659545   -23.90176659545                    
    22   -23.90312822815   -23.90312822815   -23.90312822815                    
    23   -23.90449615168   -23.90449615168   -23.90449615168                    
    24   -23.90586217202   -23.90586217202   -23.90586217202                    
    25   -23.90722870026   -23.90722870026   -23.90722870026                    
    26   -23.90856660738   -23.90856660738   -23.90856660738                    
    27   -23.90988514197   -23.90988514197   -23.90988514197                    
    28   -23.91120732621   -23.91120732621   -23.91120732621                    
    29   -23.91250954948   -23.91250954948   -23.91250954948                    
    30   -23.91376819865   -23.91376819865   -23.91376819865                    
    31   -23.91498329160   -23.91498329160   -23.91498329160                    
    32   -23.91615543573   -23.91615543573   -23.91615543573                    
    33   -23.91728008418   -23.91728008418   -23.91728008418                    
    34   -23.91837145316   -23.91837145316   -23.91837145316                    
    35   -23.91941872300   -23.91941872300   -23.91941872300                    
    36   -23.92042746852   -23.92042746852   -23.92042746852                    
    37   -23.92139154870   -23.92139154870   -23.92139154870                    
    38   -23.92229241278   -23.92229241278   -23.92229241278                    
    39   -23.92314116763   -23.92314116763   -23.92314116763                    
    40   -23.92393869830   -23.92393869830   -23.92393869830                    
    41   -23.92471021079   -23.92471021079   -23.92471021079                    
    42   -23.92544198731   -23.92544198731   -23.92544198731                    
    43   -23.92612361078   -23.92612361078   -23.92612361078                    
    44   -23.92675984879   -23.92675984879   -23.92675984879                    
    45   -23.92734015060   -23.92734015060   -23.92734015060                    
    46   -23.92788013797   -23.92788013797   -23.92788013797                    
    47   -23.92839075802   -23.92839075802   -23.92839075802                    
    48   -23.92884009543   -23.92884009543   -23.92884009543                    
    49   -23.92924679158   -23.92924679158   -23.92924679158                    
    50   -23.92960373841   -23.92960373841   -23.92960373841
$end                                                                            
