           2           1   1.35614431640785     
           3           1   1.46672467621309     
           4           3   1.37172443586780     
           5           4   1.40376457178152     
           6           2   1.39219722700809     
           6           5   1.43197853698519     
           7           1  0.965215031150547     
           8           3  0.957031285733062     
           9           5  0.962520317271287     
          10           6  0.964892057110962     
          11           2   1.04973475208246     
          12           4   1.02528012025657     
          13          12  0.893477239366757     
